W1:[[ 0.01151748 -0.00924954]
 [ 0.01186142  0.00518607]
 [ 0.00485418  0.00857219]
 [ 0.00396069  0.01782629]
 [-0.0013789   0.00194338]
 [ 0.00632776  0.01083427]
 [ 0.0213714  -0.01083076]
 [-0.0081664   0.00649186]
 [ 0.00164156 -0.00851861]
 [ 0.00376715  0.01251208]];
B1:[[-0.00565888]
 [-0.00485011]
 [ 0.00358438]
 [-0.02391306]
 [-0.00829944]
 [-0.00158673]
 [ 0.01254536]
 [ 0.01269835]
 [ 0.01507236]
 [ 0.01197103]];
W2:[[-7.44391274e-03 -2.42533144e-03 -6.22459992e-03 -1.57452733e-03
  -6.24941846e-03  1.81108415e-02  1.16077755e-02  1.27935102e-03
   4.66408815e-03 -1.09946031e-03]
 [ 5.01862481e-03  3.14604329e-03  2.16917947e-03 -1.74533159e-02
   1.13483551e-02  6.12754671e-03  9.93719312e-03 -5.36116352e-03
   1.72539133e-02  1.79416742e-02]
 [ 2.78010796e-03 -2.04407386e-02  2.28344027e-03 -3.40228386e-05
  -2.10166159e-02  1.95559481e-02  2.74910524e-03  2.78773269e-04
   1.21810101e-02  1.02954984e-02]
 [-5.49850127e-04  1.76075494e-02  1.79556825e-02 -5.58160576e-03
   7.61492594e-03  8.30180570e-03 -7.85864506e-03  4.48088078e-03
   8.09102444e-03 -1.79275478e-02]
 [ 2.51533433e-03 -6.22379519e-03  9.40871064e-03  2.26567545e-03
   1.55340491e-02  3.31790781e-03  1.33660074e-02 -9.86633093e-03
   9.09937493e-03  3.00720750e-03]
 [ 9.49077964e-04 -1.26595378e-02 -1.19036696e-03 -7.31570654e-03
  -1.30654683e-02  2.68508093e-03  1.27398099e-02  1.44147578e-03
  -9.59768801e-04 -1.71225049e-02]
 [-3.93536615e-03 -2.31139274e-03  4.10972069e-03  1.73778573e-02
   7.92174305e-03 -2.26954385e-02 -7.66996637e-04  1.55495076e-02
   1.24289321e-02  7.98747815e-03]
 [ 6.22843235e-03 -1.29259117e-02 -3.96225523e-03 -1.54158662e-02
   5.18915326e-03  5.94117019e-03  9.91915176e-03 -2.23359371e-03
  -9.12617133e-03  1.67594841e-02]
 [-1.44168569e-02  2.39946876e-03 -2.23404585e-04  1.51166376e-02
  -1.37929260e-02 -1.29316992e-02  1.46560463e-02  8.67307885e-03
  -1.24033197e-02  7.39577539e-03]
 [-6.38327224e-03  4.72266295e-03  1.92604142e-02  6.87153041e-03
   4.58834669e-03  6.55886186e-03  9.01824735e-03  1.30459394e-02
  -2.03150068e-03  3.98928286e-03]];
B2:[[-0.00450713]
 [ 0.00532193]
 [-0.01661941]
 [-0.01677125]
 [-0.0044154 ]
 [-0.009738  ]
 [ 0.00336237]
 [ 0.00676382]
 [ 0.01781565]
 [ 0.01460842]];
W3:[[-0.00029811 -0.01092479 -0.00617892 -0.00706921  0.00758407 -0.00144475
  -0.00997373  0.00803434  0.00746496 -0.0013378 ]
 [ 0.00414662  0.00963288  0.00601547  0.00717879 -0.00108593  0.01890179
  -0.00728357  0.01461988 -0.00767101  0.0058471 ]
 [ 0.01096977 -0.01956843  0.00324926 -0.02578381  0.00859947  0.01111855
   0.00374901  0.01005059  0.01600293  0.00323018]
 [-0.00699308 -0.00079321 -0.0027759  -0.00266548 -0.01073388 -0.00460256
   0.01328448 -0.00574346 -0.00822093  0.00092354]
 [ 0.01989646  0.00796268 -0.0110741   0.01268557 -0.01313375  0.00556461
   0.00188513 -0.02823235 -0.03297138 -0.00937298]
 [-0.0167074  -0.00319587 -0.01054289 -0.00106055  0.00845108  0.00510731
  -0.00594169 -0.00316064 -0.00452466  0.01204793]
 [-0.00715964 -0.00704041  0.00115335  0.00084164 -0.0226484  -0.00600561
  -0.00015729  0.00639286 -0.00931849  0.00045344]
 [-0.00240266  0.01304855 -0.00235809 -0.00811403 -0.00469221 -0.02145278
  -0.0054114  -0.01618559  0.00096256  0.00698683]
 [-0.00969082 -0.0191079  -0.00894481  0.00615498  0.00111812  0.00927484
   0.00933314  0.01172984  0.00976464  0.01267566]
 [ 0.00407597  0.00138856 -0.00635558  0.01074673 -0.00028128 -0.01149579
   0.00427542  0.0081566   0.00085009 -0.01361937]];
B3:[[-0.00194537]
 [-0.00243566]
 [-0.00674664]
 [-0.00070206]
 [-0.01403551]
 [-0.01007679]
 [ 0.01177356]
 [ 0.00566013]
 [ 0.01346705]
 [ 0.00066866]];
W4:[[-0.00945356 -0.00727101 -0.02266    -0.00385955  0.0041096   0.00140795
  -0.00238361  0.00329637 -0.00246833 -0.0109364 ]
 [ 0.01106442  0.00608006 -0.01420267 -0.00625993  0.00235162 -0.00083888
  -0.01647022  0.02456744 -0.00371284 -0.00020647]
 [ 0.00568843  0.00481035 -0.00571582  0.02022449  0.01317802  0.00117524
  -0.00131027  0.00703863  0.01352103  0.00036511]
 [ 0.00392936  0.01274094  0.00702957 -0.00368025  0.00666519 -0.01160874
  -0.00589042 -0.00490861  0.00761152 -0.00385861]
 [-0.00988744 -0.02233114 -0.01926855  0.01007331 -0.00070001  0.00413116
   0.00716711  0.00623991  0.01439391  0.00740625]
 [-0.00459357  0.01881056 -0.00757947 -0.00790227 -0.00906047 -0.00589504
   0.00615486  0.00896823 -0.01410235 -0.01470896]
 [-0.01947893 -0.0089169  -0.01428921  0.00173661  0.00369593 -0.01524053
  -0.0160554  -0.002491   -0.00426435 -0.00760022]
 [-0.01281685 -0.02230986 -0.02593478  0.00029367 -0.00042194  0.00837368
   0.00244844 -0.01030872  0.00633514 -0.00802837]
 [ 0.00442188  0.00897425  0.00473589 -0.00690308  0.0081506  -0.0165646
  -0.01258959  0.0243234   0.01129403 -0.00413604]
 [-0.00021432  0.00192661  0.01217545  0.0095324  -0.00023051  0.01581641
  -0.00330797  0.00784112 -0.00183647  0.00081962]];
B4:[[-0.01751269]
 [-0.00267603]
 [-0.00113703]
 [ 0.00630235]
 [ 0.00293489]
 [-0.01273317]
 [-0.02291229]
 [ 0.01005124]
 [-0.01886724]
 [ 0.01376786]];
W5:[[-0.01965787  0.01167818 -0.0145496  -0.00012247  0.00262629  0.00600983
   0.01615865  0.02185932 -0.01885948  0.02151966]];
B5:[[0.71047446]];
